554	411	552	536	379	513	496	630	613	463	547	418	544	551	624	557	474	403	392	525	429	556	419	647	643	526	552	386	366	551	452	418	595	420	575	488	408	612	595	455	506	376	494	372	484	518	641	441	385	615	548	637	559	459	540	386	398	481	502	588	535	507	561	532	525	397	428	647	453	497	633	477	375	527	588	566	635	518	456	410
554	411	552	536	379	513	496	630	613	463	547	418	544	551	624	557	474	403	392	525	457	620	455	647	602	526	388	481	383	528	452	581	595	420	511	521	418	460	391	420	427	414	494	372	543	518	534	441	385	615	548	637	559	459	540	386	402	481	502	588	535	507	561	532	500	397	428	647	453	497	633	477	375	527	588	566	635	419	456	410
554	411	552	536	379	513	496	630	613	463	547	418	544	551	624	557	474	403	392	525	429	556	602	644	643	526	552	386	651	528	606	581	595	420	511	521	418	460	391	420	427	414	494	372	543	518	534	441	385	615	548	637	559	459	600	386	402	481	502	588	535	507	561	532	500	397	428	647	453	497	633	518	375	527	588	566	635	419	456	410
554	411	552	536	379	513	496	630	613	463	547	418	544	551	624	557	474	403	392	525	457	620	455	647	602	400	388	481	383	551	452	418	595	420	575	488	408	612	595	455	506	376	494	372	611	518	641	441	385	615	555	637	559	459	540	386	398	481	567	588	535	507	561	532	525	397	428	647	453	497	633	477	375	527	588	514	635	518	456	410
554	504	552	536	379	513	496	630	613	463	547	418	544	551	624	557	599	403	392	525	457	620	455	647	473	526	388	481	383	528	452	581	595	420	511	521	418	460	391	420	427	414	494	372	484	518	641	441	385	615	548	637	559	459	540	386	402	481	502	588	535	507	561	532	406	397	428	647	453	497	633	477	375	527	538	566	635	518	499	410
392	434	431	413	485	635	533	470	390	463	392	439	522	365	377	392	472	479	556	552	429	620	455	647	520	526	428	479	383	528	452	581	595	420	511	521	488	460	391	420	427	414	494	372	484	518	641	441	385	615	548	637	559	459	540	386	402	481	502	431	642	507	561	532	406	397	428	647	453	497	633	477	375	527	588	566	635	518	456	410
435	585	548	597	590	394	545	624	613	502	550	418	547	625	624	450	611	640	369	382	574	647	587	596	520	526	428	479	383	528	393	581	595	420	511	521	588	460	391	420	427	414	494	627	519	518	363	441	385	615	548	637	559	459	510	386	402	481	502	588	535	507	561	603	368	476	469	647	453	497	633	477	375	527	477	566	635	518	456	410
435	464	548	536	590	394	545	486	613	652	602	443	362	365	377	392	472	479	556	367	547	620	455	647	525	365	532	610	457	528	452	581	595	420	511	521	418	460	365	420	427	414	494	372	484	518	641	441	385	557	548	637	559	396	540	386	402	481	502	588	535	507	561	532	550	397	428	647	453	497	633	477	375	527	588	566	635	518	456	410
554	411	623	536	379	513	496	630	613	463	425	493	522	643	377	392	472	479	642	603	429	556	419	647	643	526	552	386	366	551	452	418	595	420	575	488	408	612	595	455	506	376	494	372	484	518	641	441	385	615	548	637	559	459	540	386	398	481	502	588	535	507	561	532	525	397	428	647	453	497	633	477	375	527	588	566	635	518	456	410
395	464	548	616	590	394	545	470	613	463	547	418	544	551	624	557	474	403	392	525	429	556	409	647	400	526	552	386	489	551	452	418	595	420	575	488	621	612	595	455	506	376	494	372	484	518	641	441	385	615	548	577	559	459	540	386	398	481	502	588	535	507	561	532	525	397	428	647	453	497	633	477	375	527	588	566	635	555	456	410
537	567	585	539	443	513	614	494	613	617	392	439	522	365	377	392	472	479	392	377	537	556	616	647	520	549	552	386	478	561	452	418	595	557	511	475	418	419	579	420	427	426	549	372	484	518	641	441	401	615	548	637	404	617	569	386	496	534	523	586	535	507	414	466	406	581	428	560	453	497	633	477	362	527	588	543	635	518	419	410
586	464	566	413	644	524	533	448	446	394	618	437	615	411	405	636	474	403	607	525	429	556	455	544	604	526	552	386	366	633	452	449	647	420	575	488	408	437	595	491	506	376	494	372	484	518	641	510	385	491	548	374	582	459	540	386	402	481	502	526	378	507	561	445	430	397	428	647	453	497	499	477	375	527	570	566	635	518	456	410
435	464	548	536	590	394	399	470	613	463	392	631	522	365	377	392	472	479	556	552	547	594	455	647	520	526	428	479	383	528	536	581	595	420	511	521	429	619	391	394	646	414	494	372	484	518	363	441	385	615	548	637	559	459	540	386	402	481	502	395	535	507	404	532	393	397	428	647	453	608	633	477	375	527	588	626	437	518	384	541
372	520	548	536	590	378	520	470	613	465	523	418	516	625	478	537	611	640	369	382	462	367	587	596	436	365	545	503	541	383	651	559	441	518	575	372	462	427	595	406	612	544	450	427	377	578	632	473	616	615	567	637	581	444	540	539	402	481	501	374	426	507	561	532	466	397	428	647	453	497	432	395	659	375	422	659	641	375	456	410
435	464	492	444	379	394	545	470	554	463	392	439	522	365	377	413	472	479	556	552	429	620	455	647	520	526	636	622	383	374	539	559	441	612	376	585	604	540	636	380	558	376	458	555	482	608	660	507	376	623	426	486	473	625	455	646	589	420	425	545	419	477	564	514	406	397	428	647	453	497	633	477	375	527	588	566	635	401	456	410
537	405	548	536	590	394	545	470	613	463	392	633	522	365	377	392	472	479	556	552	515	620	578	432	520	526	428	479	383	528	452	581	595	490	511	521	418	460	391	420	427	414	494	372	484	406	641	441	385	615	548	637	559	459	377	658	662	523	523	588	535	583	561	417	406	468	640	373	617	409	503	477	362	527	588	566	635	518	599	410
435	464	548	536	590	394	545	470	613	463	392	443	522	365	408	392	472	510	556	547	429	620	455	438	520	644	428	547	383	528	452	581	595	420	575	548	626	612	595	413	608	414	605	427	446	559	615	631	653	565	567	570	434	558	497	379	399	481	613	588	535	507	561	532	525	397	428	513	453	497	499	477	615	527	562	566	635	518	604	410
364	464	531	626	379	491	545	464	613	463	422	612	649	411	405	392	611	410	369	539	382	647	364	596	606	442	545	610	453	534	539	409	441	426	376	583	366	419	391	633	530	363	437	427	549	618	509	642	446	406	419	662	618	459	540	386	402	481	502	588	644	507	561	532	463	398	428	647	453	497	499	477	375	527	588	566	500	518	406	410
537	464	430	596	381	463	545	470	613	463	603	443	522	365	377	392	472	479	556	589	630	617	364	596	436	613	545	536	541	623	658	559	612	616	376	483	366	419	391	420	598	555	495	372	526	518	641	567	607	615	548	637	505	549	377	658	409	540	502	414	481	632	611	637	505	417	506	591	506	409	644	496	557	577	625	614	514	474	616	464
435	643	548	536	590	636	425	526	613	596	550	552	544	364	624	450	611	364	415	617	428	647	364	587	599	497	629	409	541	653	539	568	441	444	511	521	504	374	533	466	473	550	494	372	534	518	651	441	385	615	389	637	491	617	540	399	417	468	541	624	629	517	420	576	558	395	512	373	506	588	511	367	402	527	588	566	635	398	534	410