443	411	552	536	366	607	496	662	654	397	515	418	502	598	566	541	474	556	660	386	559	647	484	609	602	563	439	662	416	528	393	581	614	489	511	521	389	412	391	573	367	638	592	490	609	373	363	441	404	607	548	637	559	459	505	407	402	481	518	498	546	528	561	532	500	397	428	647	522	428	418	556	375	527	588	532	635	592	456	645
443	411	552	536	366	607	496	662	654	397	515	418	502	598	566	541	474	556	660	386	559	647	577	609	602	563	439	662	416	528	393	581	614	489	511	521	389	412	391	420	367	638	592	372	609	373	363	441	404	607	548	637	559	459	510	407	402	481	502	650	523	401	583	532	560	383	556	542	453	497	633	556	391	472	588	377	635	592	456	512
443	411	552	536	366	607	496	662	654	397	515	418	502	598	566	541	474	556	660	386	559	445	484	454	602	563	439	662	416	528	393	394	614	489	511	390	389	412	391	573	367	638	592	399	609	373	363	441	404	607	548	637	559	459	510	407	402	481	502	650	523	401	583	532	447	383	556	542	453	497	633	556	583	472	588	377	635	592	456	585
443	411	552	536	366	607	496	662	654	397	515	418	502	598	566	541	474	556	660	386	559	647	577	609	602	563	439	662	416	528	393	581	614	489	511	521	389	412	391	420	367	638	592	372	520	373	363	441	404	607	548	637	559	459	505	407	402	541	518	498	546	528	561	532	500	397	428	647	522	428	418	556	375	527	588	532	635	592	456	645
570	411	552	536	427	511	496	630	654	463	515	418	502	598	566	541	474	556	660	386	559	647	630	609	602	563	439	662	416	528	393	581	614	489	511	382	389	412	391	420	367	638	592	372	609	373	363	441	481	580	624	521	475	459	601	407	402	655	502	650	523	401	583	532	560	383	556	542	453	497	482	603	391	472	588	377	635	433	456	402
443	645	552	485	391	607	496	630	649	463	515	418	642	474	566	450	474	605	653	476	531	647	455	418	601	526	439	628	420	528	393	581	571	586	380	451	471	626	391	405	378	571	497	608	484	529	363	441	404	607	548	637	559	459	510	407	402	481	502	650	523	401	583	532	560	383	556	371	453	497	633	556	391	472	588	377	635	531	456	402
469	411	552	536	366	607	496	560	654	463	515	418	502	598	566	541	474	556	660	386	559	647	378	609	602	563	439	662	416	528	393	581	614	489	511	521	389	412	403	420	367	638	592	372	609	373	363	441	404	607	548	637	559	513	510	407	402	426	502	650	623	401	621	442	560	383	556	542	453	497	633	556	391	472	588	377	635	592	456	512
496	411	552	367	366	607	640	662	654	463	515	418	593	598	566	541	474	556	660	525	559	647	455	609	602	526	439	563	416	631	393	581	614	457	511	521	389	412	391	420	367	638	592	372	609	373	363	441	404	607	548	637	559	459	510	407	402	481	518	650	523	401	415	532	560	383	556	542	453	497	633	556	391	472	588	377	635	592	456	512
443	505	610	566	366	607	446	441	429	541	547	657	372	551	624	633	474	587	585	571	431	620	455	647	447	526	439	662	438	528	393	581	614	489	370	379	588	460	544	592	461	654	504	607	376	485	641	524	385	635	426	546	486	459	615	407	402	460	502	588	596	401	561	399	609	546	478	420	453	566	430	556	554	401	478	419	635	654	638	576
443	389	549	555	510	383	496	630	654	463	515	659	502	474	566	486	474	421	653	658	559	647	471	487	602	526	388	443	416	528	475	631	571	656	511	521	418	626	391	420	367	638	592	372	484	373	363	436	385	607	548	637	559	459	510	407	402	481	518	650	464	401	561	485	506	397	658	379	520	471	633	395	587	527	588	610	635	592	456	645
443	390	552	536	366	607	478	630	654	463	515	418	502	509	566	629	474	421	660	525	577	647	455	647	602	526	388	662	416	528	496	436	597	420	500	554	389	412	391	494	367	550	592	372	534	373	363	560	639	607	548	637	559	459	510	420	402	497	382	462	624	504	561	414	399	397	567	439	363	497	418	556	375	592	568	610	635	401	456	445
498	389	482	472	366	661	483	633	542	616	547	377	372	534	637	403	364	662	480	533	465	516	455	434	545	526	407	537	383	542	393	581	608	489	511	521	389	412	391	420	559	368	592	452	505	514	363	446	385	607	411	418	559	615	592	407	402	481	640	650	464	401	561	532	500	548	658	379	520	471	420	556	531	527	588	616	635	540	456	554
443	411	552	536	366	607	496	662	654	463	547	418	502	509	566	629	474	421	660	590	577	647	455	647	602	526	388	662	416	528	628	451	597	420	511	521	636	412	391	420	656	571	592	539	484	373	363	441	385	607	548	418	573	459	510	407	402	492	518	586	546	401	561	532	500	633	428	647	521	428	418	556	375	527	588	532	635	592	456	645
452	506	630	536	366	607	409	520	381	463	515	418	502	385	566	618	474	392	660	525	577	647	455	647	602	438	388	662	416	528	515	436	597	388	511	521	636	542	391	420	415	571	592	404	484	617	363	441	385	607	548	418	559	459	391	407	402	481	640	650	464	401	561	532	500	397	506	379	520	386	633	556	375	527	588	616	651	592	456	645
497	411	552	536	366	651	496	630	654	588	515	418	502	598	566	541	474	556	549	386	470	647	404	609	428	563	585	662	416	528	496	436	597	420	511	521	636	412	362	451	603	571	592	430	484	373	411	482	385	607	548	637	559	519	391	407	402	481	518	498	546	401	561	532	500	397	428	491	522	428	441	556	375	527	393	549	635	543	456	645
570	411	552	536	366	607	576	630	654	463	515	418	502	509	560	629	627	421	566	525	577	647	455	647	602	526	388	662	416	528	393	581	571	420	399	430	482	412	391	420	367	638	592	533	484	400	363	441	385	548	513	422	520	642	378	407	402	598	502	650	464	603	379	532	500	397	428	647	453	497	418	556	375	527	588	610	635	592	499	509
463	411	647	496	379	528	496	630	620	458	547	530	372	588	573	403	492	662	557	481	484	426	555	613	479	526	594	662	416	528	441	627	435	510	511	521	636	412	391	420	446	571	592	452	484	373	363	441	385	607	548	418	559	459	510	407	402	481	502	650	523	401	583	532	560	473	556	542	453	497	633	556	391	472	588	377	635	592	456	402
443	535	552	536	520	607	427	662	654	397	515	418	502	598	566	541	474	556	391	386	559	647	577	609	478	563	439	662	416	528	492	581	614	489	511	521	389	412	391	420	367	638	592	372	609	373	363	655	404	607	548	638	619	459	510	407	402	412	613	558	546	401	561	532	500	397	428	647	453	566	418	525	525	527	485	610	533	655	473	610
443	411	499	536	366	607	496	513	539	541	372	385	431	579	652	433	377	662	536	553	546	516	455	434	602	526	592	480	383	542	369	524	437	420	505	393	389	412	391	420	534	556	592	372	540	373	363	441	519	463	584	637	394	459	510	407	402	481	502	650	464	604	561	400	500	397	658	645	520	484	633	454	375	529	588	520	635	592	484	437
623	626	636	556	366	607	496	630	455	626	515	418	502	534	566	562	474	556	660	625	585	647	387	647	602	473	597	662	416	570	460	581	533	420	509	393	370	519	391	657	367	571	592	430	609	373	363	441	404	607	548	637	522	460	510	407	402	513	502	650	523	458	465	532	494	544	563	647	522	505	428	556	617	527	542	532	635	440	600	645