435	464	548	536	590	394	545	470	613	463	392	439	522	365	377	392	472	479	556	552	429	620	455	647	520	526	428	479	383	528	452	581	595	420	511	521	418	460	391	420	427	414	494	372	484	518	641	441	385	615	548	637	559	459	540	386	402	481	502	588	535	507	561	532	406	397	428	647	453	497	633	477	375	527	588	566	635	518	456	410
435	464	548	536	590	394	545	470	613	463	392	443	522	365	377	392	472	479	556	552	429	620	455	647	520	526	428	479	383	528	452	581	595	490	511	521	418	460	391	420	427	414	494	372	484	518	641	441	385	615	548	637	559	459	540	386	402	481	502	588	535	507	561	532	430	397	428	647	453	497	499	477	375	527	570	566	635	518	456	410
435	464	548	536	590	394	545	470	613	463	392	439	522	495	377	392	472	479	556	552	429	620	578	647	520	526	428	479	383	528	452	581	595	490	511	521	418	460	391	420	427	414	494	372	484	518	641	441	385	615	548	637	559	459	540	386	402	481	502	588	535	507	561	532	430	397	428	647	453	497	499	477	375	527	570	566	500	518	456	527
435	464	548	536	590	394	545	470	613	463	392	443	522	365	377	392	472	479	556	552	547	620	455	647	520	526	428	479	383	528	452	581	595	420	511	521	418	460	391	420	427	414	494	372	484	518	363	441	385	615	548	637	559	459	540	386	402	481	502	588	535	507	561	532	406	397	428	647	453	497	633	477	375	527	588	566	635	518	456	410
554	411	552	536	379	513	496	630	613	463	547	418	544	551	624	557	611	538	498	382	429	620	369	647	520	637	545	536	541	623	539	559	636	518	587	484	462	612	595	633	598	544	524	506	446	578	509	631	616	565	567	459	434	558	377	658	402	481	577	588	535	507	561	532	406	397	428	647	453	497	633	477	362	527	588	566	635	518	599	410
586	464	566	413	644	524	533	651	446	394	618	437	615	411	405	636	474	403	392	525	429	556	455	645	520	549	552	386	366	561	452	418	595	557	575	548	408	612	595	455	506	414	494	427	446	578	503	631	518	565	567	570	434	558	377	658	662	523	523	588	535	583	561	532	406	626	640	373	617	409	503	604	659	577	625	622	641	623	447	464
435	464	548	536	590	394	545	470	613	586	392	439	522	365	377	392	472	479	556	489	429	620	455	647	528	526	428	479	383	528	546	521	595	420	511	475	418	419	391	420	427	426	549	372	484	518	641	441	401	615	548	637	404	617	569	386	496	534	523	586	535	507	561	532	406	581	428	560	453	497	633	477	362	527	588	543	635	518	419	410
364	464	531	536	379	491	545	494	613	463	550	497	544	610	624	570	611	640	369	561	428	647	521	596	436	526	473	466	383	528	452	581	595	420	511	521	418	655	391	517	427	414	494	372	484	518	641	441	385	615	548	604	524	459	540	386	402	481	502	588	644	507	561	532	430	397	428	466	453	497	499	477	375	527	570	566	635	518	456	410
626	411	566	413	644	524	533	651	446	394	618	437	615	525	405	636	474	403	556	552	602	620	613	647	520	526	428	479	381	528	452	581	595	420	511	521	418	460	496	420	427	567	494	525	484	518	641	441	385	615	548	637	559	377	563	386	662	520	523	437	481	632	611	369	505	411	506	371	505	409	503	604	471	577	625	622	641	580	401	464
372	464	548	536	590	378	545	470	613	463	392	439	522	365	377	392	472	479	392	525	537	556	455	647	604	526	552	386	366	561	452	418	595	420	575	488	408	437	595	491	506	376	494	372	484	518	641	510	385	615	574	637	559	459	540	386	402	613	502	588	535	444	561	532	406	397	428	517	453	563	633	477	375	527	588	566	635	518	456	410
537	464	531	536	381	463	545	470	613	463	392	443	522	365	377	392	472	479	556	552	630	620	455	647	520	526	428	479	383	528	452	581	595	490	511	521	418	460	391	420	427	371	494	498	484	518	641	441	385	615	548	637	559	459	540	386	402	481	502	588	535	507	561	532	406	397	428	647	453	497	633	477	375	527	588	566	635	518	456	410
435	464	548	536	590	394	545	470	613	463	482	418	503	625	576	450	611	640	369	539	382	647	364	596	436	411	545	610	453	623	539	463	441	426	376	583	366	419	391	633	530	578	437	427	661	618	509	642	446	406	419	662	618	371	570	362	513	600	612	445	517	449	450	491	485	432	573	500	582	444	414	586	463	474	545	558	559	377	460	374
537	480	531	536	379	518	545	470	639	463	550	439	550	381	377	392	474	403	392	525	429	556	419	647	643	526	552	386	366	551	452	418	595	420	575	488	408	612	595	455	506	376	494	372	484	518	641	441	385	615	548	637	559	459	540	386	398	481	502	588	535	507	561	532	525	397	428	647	453	497	633	477	375	527	588	566	635	518	456	410
554	411	566	413	644	524	620	651	446	394	386	437	615	411	405	656	472	624	515	552	599	556	455	603	520	526	552	386	366	561	495	489	595	639	575	488	408	612	595	455	651	491	494	621	484	548	521	564	401	615	548	637	505	558	377	658	402	481	502	414	481	632	611	637	505	417	506	591	506	409	644	604	557	577	625	614	641	474	616	464
392	434	517	413	485	635	533	600	613	502	550	418	516	625	624	450	611	640	369	382	574	647	587	596	436	365	532	610	541	374	539	559	441	612	376	585	604	540	636	380	558	376	458	555	482	608	660	401	376	623	426	486	473	625	460	646	589	420	425	561	419	477	564	514	544	411	503	485	453	445	587	477	362	527	588	543	635	518	456	410
537	464	466	656	494	513	545	470	613	463	388	625	450	625	624	479	602	640	369	382	396	647	491	596	436	564	545	610	541	623	539	559	441	364	566	631	534	448	551	492	572	374	465	555	482	440	511	635	516	395	603	450	649	658	469	386	612	452	502	437	549	632	611	369	505	417	506	563	482	409	503	604	659	577	625	543	641	474	616	464
537	464	492	444	379	636	425	526	613	577	550	552	544	364	624	450	611	364	415	382	428	647	364	608	393	497	545	536	541	653	539	568	441	518	575	488	462	427	595	633	612	544	575	427	377	578	632	473	616	615	567	637	581	444	540	539	402	481	502	374	434	507	561	532	466	397	428	647	453	497	432	395	402	527	588	566	635	518	456	410
430	464	548	536	635	394	545	470	613	463	523	418	516	625	478	537	611	640	369	382	462	367	587	596	436	365	545	503	541	383	651	559	441	612	376	483	366	419	391	420	598	555	495	372	526	518	641	567	607	615	548	637	559	459	540	386	451	600	502	609	479	634	611	369	505	517	506	417	506	409	606	604	659	659	439	399	641	374	475	464
554	411	652	413	644	524	386	651	446	394	618	543	648	625	389	450	571	542	369	382	382	647	364	596	436	526	545	610	541	623	539	559	441	580	376	483	481	497	391	580	618	426	494	372	484	518	641	441	401	615	548	513	581	617	552	386	662	426	523	588	535	507	561	532	406	581	576	647	453	497	633	627	362	527	588	543	434	518	456	383
537	567	447	539	443	513	545	470	613	463	422	418	649	411	405	586	474	403	392	525	375	617	364	596	436	613	545	536	541	623	539	559	441	560	511	521	504	374	533	466	427	426	494	372	534	518	651	441	385	615	548	637	581	617	540	386	417	468	541	624	629	517	601	649	558	522	512	373	506	506	511	482	659	559	422	659	641	505	384	541