603	411	623	549	604	394	496	630	654	541	547	377	544	551	624	557	474	455	392	649	457	620	455	647	602	526	388	481	383	542	452	581	595	512	574	521	418	460	391	420	427	414	494	372	543	518	534	441	385	615	548	637	559	459	510	407	402	481	502	588	546	507	561	532	500	397	428	647	453	497	633	556	375	527	588	532	635	577	456	410
554	411	552	536	379	513	496	630	613	463	550	585	547	437	624	450	611	640	373	411	574	620	455	647	602	526	519	481	383	542	452	581	595	558	511	521	418	460	391	420	427	414	494	372	543	518	534	441	385	615	548	637	559	459	510	386	402	481	502	588	546	507	561	532	500	397	573	437	453	497	633	636	375	527	588	532	635	577	456	410
603	411	623	549	604	513	496	630	613	463	550	585	547	437	624	450	611	640	373	411	574	620	455	647	602	526	519	481	383	542	452	581	595	558	511	521	418	460	391	420	427	414	494	372	484	535	534	441	385	615	548	637	559	459	510	386	402	481	502	588	546	507	561	532	500	397	573	437	512	497	633	636	375	527	588	532	635	577	456	410
554	411	552	484	379	394	496	630	654	541	547	377	544	551	624	557	474	455	392	649	457	620	455	647	602	526	388	481	383	542	452	581	595	512	574	521	418	460	391	420	427	414	494	372	633	518	534	441	385	615	548	637	559	459	510	565	402	481	502	588	546	507	561	532	500	397	428	647	453	497	633	556	375	527	588	532	635	577	456	410
443	411	552	536	474	513	385	630	613	485	547	418	655	551	624	557	474	403	392	525	429	556	602	644	643	470	656	401	651	641	612	581	556	473	511	363	418	460	391	420	427	414	662	381	519	518	363	441	385	615	548	637	559	459	510	386	472	481	415	588	535	507	513	532	406	442	428	647	365	430	633	494	375	375	582	394	641	375	456	410
554	411	434	536	584	548	496	630	613	463	515	418	502	509	566	557	474	401	392	525	457	647	587	582	363	405	428	570	383	499	393	581	524	420	511	521	418	595	391	420	367	638	494	372	484	373	641	408	385	512	548	618	559	459	540	386	402	481	502	588	535	507	596	532	601	597	428	647	385	414	633	477	375	527	383	566	635	419	456	410
656	411	552	536	379	513	496	630	441	463	550	561	547	599	624	450	474	403	392	525	429	556	602	588	643	470	472	574	651	641	606	581	400	420	511	521	418	460	391	420	427	414	662	627	519	518	363	441	460	615	490	637	559	459	540	386	402	481	502	588	535	507	561	532	601	397	428	617	453	414	633	477	375	527	588	566	635	419	456	410
554	411	552	536	379	513	496	371	441	463	550	561	547	599	624	450	474	403	392	525	429	556	602	644	643	470	552	401	651	641	606	581	557	420	511	521	418	460	391	420	427	655	591	627	519	518	363	441	385	615	548	637	559	459	540	386	402	610	502	588	535	507	596	532	601	597	468	647	385	414	633	456	375	527	588	566	635	419	456	410
513	411	552	536	366	513	496	630	613	463	550	561	547	473	624	450	611	595	583	382	566	483	587	647	598	526	428	479	584	528	536	423	516	420	511	521	381	606	391	368	486	414	496	372	484	518	641	421	385	615	499	637	559	389	540	386	402	481	502	598	421	433	461	661	500	602	428	647	453	497	633	477	412	519	588	566	564	369	456	410
549	504	552	536	436	513	379	624	613	463	547	550	544	551	381	392	513	432	637	552	506	651	455	537	622	526	428	570	383	499	393	581	524	420	511	521	588	613	391	420	374	414	590	627	519	518	363	441	385	615	490	637	559	541	540	386	402	481	502	588	535	507	561	532	601	397	428	647	453	414	633	456	375	527	588	566	401	419	456	410
513	411	552	536	489	513	470	630	613	452	547	418	655	551	624	557	611	595	583	382	574	647	542	596	622	566	428	570	383	499	393	581	524	420	511	521	588	613	391	420	427	414	590	430	519	518	363	441	385	615	490	637	559	459	540	386	374	481	502	588	535	507	561	532	601	397	428	617	453	414	633	477	375	527	588	566	584	517	456	572
554	406	552	536	379	513	496	513	613	463	515	418	502	551	624	557	474	403	392	525	457	620	587	559	470	526	428	450	372	528	452	581	595	659	511	521	418	460	391	420	427	551	494	372	545	518	631	441	465	581	548	637	582	546	540	365	561	554	502	588	535	618	561	602	386	376	428	647	453	497	633	456	375	527	588	566	635	419	456	410
654	411	468	637	379	513	496	572	451	502	550	561	547	437	624	560	398	549	369	382	597	647	587	596	622	526	633	570	383	499	630	378	524	420	379	484	588	460	391	611	427	414	494	627	519	518	363	441	385	615	490	637	559	459	540	386	402	481	376	588	535	507	561	660	550	397	428	536	453	497	633	477	632	623	588	548	383	371	456	410
554	446	558	536	465	513	386	630	461	463	515	418	502	551	624	557	474	403	379	525	429	556	419	647	643	526	552	486	465	551	452	630	521	469	453	521	418	567	365	420	483	414	579	372	484	528	384	556	393	482	550	637	559	617	540	368	546	481	502	500	535	507	561	387	601	397	428	647	453	414	633	456	375	527	588	566	635	419	456	410
513	411	552	536	489	513	470	630	613	493	547	418	655	551	624	557	611	595	583	600	574	647	542	408	405	566	428	499	383	499	393	581	524	420	511	545	588	613	391	420	427	414	590	430	398	518	363	441	385	615	548	637	559	459	540	386	402	481	502	588	535	371	596	532	601	597	428	536	385	414	633	477	579	527	588	566	635	518	456	410
400	411	552	536	628	513	612	630	613	463	550	561	547	423	624	450	611	595	583	382	574	647	587	596	622	526	428	570	383	637	604	581	524	420	511	521	588	613	647	420	427	414	633	372	484	518	615	489	385	477	409	431	559	459	510	386	434	481	502	622	535	507	561	532	525	397	576	647	642	497	633	659	508	527	588	566	635	419	456	410
554	411	456	536	379	513	496	630	613	463	515	568	547	625	624	450	611	640	369	382	431	647	587	596	450	607	428	635	383	528	393	581	524	420	511	465	471	492	391	420	638	414	494	627	519	439	363	656	385	615	419	637	557	459	540	386	402	481	433	588	535	415	561	532	525	397	428	647	453	497	640	477	375	527	440	566	514	518	456	410
554	411	552	536	379	513	496	609	613	613	550	392	502	551	624	557	474	403	392	525	490	620	455	647	602	526	388	481	383	588	393	596	524	503	511	388	588	460	391	420	427	414	494	627	377	518	363	547	385	615	548	637	559	459	510	562	402	481	502	588	367	605	424	532	552	397	428	647	453	497	648	636	375	521	588	566	635	577	456	410
513	411	652	413	485	635	533	470	390	466	620	465	522	365	377	608	472	479	556	508	516	620	455	647	551	526	428	479	383	528	452	581	397	420	511	521	503	495	391	420	427	414	494	372	543	518	534	441	385	615	597	637	559	660	540	405	402	481	502	579	535	507	561	532	497	483	637	647	445	497	370	477	375	448	406	566	635	600	456	410
513	411	465	536	379	513	496	572	391	502	550	561	547	625	624	450	535	640	369	382	574	647	527	551	520	526	428	570	383	528	393	581	524	420	511	521	418	413	391	420	427	458	494	581	484	518	534	410	385	536	438	498	559	459	540	386	394	481	479	588	400	507	561	532	525	397	416	647	481	497	633	477	419	541	538	566	635	518	449	410