392	434	497	413	485	519	545	552	513	548	562	560	522	381	371	569	544	479	556	552	429	620	455	647	520	387	387	588	640	569	390	362	595	420	621	595	597	544	484	380	624	444	450	384	378	553	649	575	366	498	638	612	558	545	546	441	417	575	523	588	640	499	641	499	523	450	578	484	600	580	391	604	639	510	625	622	641	459	565	381
476	558	560	551	405	632	437	616	589	498	627	498	426	628	373	488	386	476	549	464	459	631	570	447	524	565	381	557	367	492	627	553	441	651	511	521	418	362	533	607	495	623	448	554	441	435	401	401	585	559	450	423	455	424	611	404	555	506	537	385	474	649	518	521	589	516	455	595	433	623	440	566	366	402	573	416	377	523	377	444
392	434	497	413	485	519	545	552	513	548	562	560	522	381	371	569	544	479	556	552	429	620	455	647	520	387	387	588	640	569	390	362	595	420	621	595	597	544	484	380	624	446	450	384	378	553	649	575	366	634	638	612	558	545	546	441	417	575	523	588	640	499	641	499	523	450	455	595	433	623	440	566	366	402	573	416	377	523	377	444
476	558	560	551	405	632	437	616	589	498	627	498	443	527	373	488	386	476	549	464	459	631	570	447	524	565	381	557	367	492	627	553	441	651	511	521	418	362	533	607	495	623	448	554	441	435	401	401	585	559	450	423	455	424	611	404	555	506	537	385	474	649	518	521	589	516	578	484	600	580	391	604	627	510	625	622	641	459	565	381
610	559	562	609	381	525	445	541	545	374	642	656	415	464	504	395	524	497	438	506	367	520	450	567	512	498	472	569	527	411	662	655	606	546	601	396	371	453	629	370	429	567	637	565	586	612	621	628	545	646	426	486	460	625	435	646	589	408	425	482	368	477	466	514	437	506	362	427	462	616	548	495	639	656	435	518	615	422	384	595
559	494	422	599	639	604	396	531	622	659	468	645	611	380	538	501	509	419	376	402	464	444	478	386	574	536	615	365	512	438	557	395	399	442	549	609	467	422	606	389	488	388	465	433	443	388	444	540	496	375	648	389	581	617	540	386	402	500	502	437	426	616	444	627	626	486	604	386	627	482	459	386	650	533	478	630	603	457	437	482
451	514	386	493	384	433	527	642	371	547	444	635	406	378	605	379	419	390	607	401	382	647	600	455	537	365	370	610	541	623	631	608	539	463	625	629	565	451	544	534	527	527	640	453	383	647	614	519	429	628	446	531	379	601	472	396	402	492	375	472	537	443	542	517	391	436	417	490	417	657	542	482	391	442	409	515	491	401	658	381
385	596	545	631	486	404	659	493	437	483	403	433	645	650	421	498	466	612	406	464	545	494	556	485	380	484	396	657	427	618	650	514	650	439	413	380	435	421	492	503	620	607	364	404	531	555	583	625	415	442	455	550	432	541	555	383	592	634	362	497	480	526	372	526	631	505	450	599	587	606	377	404	556	567	616	660	390	536	642	592
554	475	566	511	534	542	533	651	451	394	618	437	615	411	639	636	474	607	622	581	365	659	568	627	465	440	657	444	530	475	571	416	399	416	394	446	397	448	636	380	598	403	629	555	482	432	539	562	470	528	548	434	633	425	556	403	417	623	379	532	532	613	547	384	438	561	546	378	384	631	554	500	561	629	508	559	432	475	476	544
512	486	391	487	473	599	380	454	631	522	622	566	425	566	448	584	435	540	454	380	441	461	516	648	643	541	553	464	487	371	603	389	470	440	602	481	648	601	417	562	521	372	587	591	627	583	515	465	580	635	653	538	569	596	630	572	517	519	636	645	565	445	536	391	580	480	633	517	490	571	434	449	635	464	394	586	379	363	470	383
510	407	429	577	580	451	522	402	651	472	404	631	659	557	458	436	600	659	632	437	561	422	443	565	504	589	567	554	599	514	654	646	483	394	386	535	489	522	464	530	601	449	607	552	630	567	572	463	419	420	587	511	412	574	483	523	615	558	578	431	420	388	454	644	502	586	513	396	448	404	399	401	526	612	489	580	648	644	362	461
648	451	460	621	381	575	529	454	523	492	596	628	422	402	383	593	625	623	475	641	556	619	472	489	577	592	639	368	366	528	452	581	640	635	575	488	462	612	595	633	527	544	575	427	446	578	509	506	616	406	455	606	434	558	517	658	629	598	541	624	537	593	373	649	562	548	573	500	654	441	594	452	569	474	545	539	559	474	460	374
614	656	402	401	559	441	452	468	637	485	474	535	636	609	572	501	490	464	525	500	591	399	456	468	641	447	608	559	537	395	602	653	626	622	487	630	375	564	417	601	558	432	478	479	561	396	575	628	516	395	459	532	649	527	661	509	604	444	436	477	535	491	444	643	506	627	428	439	542	497	511	461	362	527	571	566	366	518	456	463
476	411	605	460	553	459	497	487	604	448	657	399	529	434	393	584	416	633	543	497	402	642	625	456	587	603	553	432	495	497	468	420	385	658	467	530	428	598	600	617	557	369	547	618	496	520	654	378	370	623	639	464	430	371	488	499	533	377	370	600	555	498	602	479	579	509	495	374	437	465	600	495	642	415	619	538	449	639	656	652
455	517	576	426	375	362	379	600	638	492	462	511	390	636	656	636	417	366	661	467	598	599	661	382	651	428	455	661	516	413	512	499	624	660	588	604	518	561	492	474	457	417	475	645	395	537	475	396	507	447	365	498	474	607	372	382	387	441	382	469	561	381	587	506	535	600	385	601	552	618	485	591	484	530	535	528	558	548	454	430
490	437	439	554	491	479	589	391	407	570	642	454	386	405	518	445	645	376	454	661	580	391	578	511	655	508	547	450	596	530	383	453	417	558	473	546	407	639	647	557	463	467	583	573	548	507	528	601	395	541	608	417	649	373	509	620	633	520	595	474	623	496	432	419	432	612	642	447	657	439	381	367	515	617	622	443	373	432	432	551
495	567	505	555	512	640	627	461	521	471	431	424	632	486	600	362	559	532	529	603	548	621	523	500	545	489	438	650	597	399	399	412	388	434	532	455	398	415	601	542	404	491	525	408	477	659	405	528	520	635	465	414	514	453	604	541	367	443	376	375	659	468	659	521	420	509	407	546	555	488	658	560	496	552	638	510	475	549	556	507
651	450	393	467	400	468	419	403	536	479	625	661	367	525	584	414	463	397	429	534	605	406	499	469	538	550	471	580	551	422	658	490	655	612	376	483	366	419	391	508	411	547	523	372	446	518	624	441	435	473	462	410	526	557	380	527	479	477	569	469	368	553	527	499	615	596	647	597	479	446	510	385	371	553	394	650	471	377	659	498
470	452	499	382	522	469	392	527	575	452	447	588	371	486	591	445	632	472	504	564	606	373	625	490	377	520	423	413	588	555	654	641	659	560	437	443	404	378	490	582	573	412	616	617	581	414	562	637	476	499	467	614	400	613	400	497	636	466	542	606	395	528	528	372	420	657	550	590	616	364	446	537	455	509	562	643	388	528	627	555
537	464	548	536	481	513	545	470	375	626	550	418	544	625	404	450	637	452	598	495	590	446	559	517	427	421	529	477	472	434	571	449	555	447	542	607	607	535	450	391	396	375	655	585	529	589	615	654	624	617	391	660	501	485	496	629	392	623	619	408	537	415	407	449	415	637	616	427	362	497	475	396	485	476	659	618	540	550	571	540