537	464	531	536	379	513	425	470	613	463	550	418	544	625	624	450	611	640	369	382	428	647	364	596	436	613	545	536	541	623	539	559	441	518	575	488	462	612	595	633	598	544	524	427	446	578	509	631	616	565	567	606	434	558	377	658	662	523	523	588	535	507	561	532	406	397	428	647	453	497	633	477	362	527	588	566	635	518	456	410
537	464	531	536	379	513	545	470	613	463	550	418	544	625	624	450	611	640	369	382	382	647	364	596	436	365	545	610	541	623	539	559	441	612	376	483	366	419	391	420	427	426	494	372	484	518	641	441	385	615	548	637	581	617	540	386	402	481	502	437	481	632	611	369	505	411	506	373	506	409	503	604	659	577	625	622	641	459	616	464
537	464	552	536	379	513	425	470	613	463	550	418	544	625	624	450	611	640	369	382	428	647	364	596	436	613	545	536	541	623	539	559	441	518	575	488	462	612	595	633	427	426	494	372	484	518	641	441	385	615	548	637	581	617	540	386	402	481	502	437	481	632	611	369	505	411	506	373	506	409	503	604	659	577	625	622	641	374	616	464
537	464	531	536	379	513	545	470	613	463	550	418	516	625	624	450	611	640	369	382	382	647	587	596	436	365	545	610	541	623	539	559	441	612	376	483	366	419	391	420	598	544	524	427	446	578	509	631	518	565	567	606	434	558	377	658	662	523	523	588	535	507	561	532	406	581	428	647	453	497	633	477	362	527	588	543	635	518	456	410
554	411	566	413	644	524	533	651	446	394	618	437	615	411	405	636	474	403	392	525	429	620	455	647	520	526	552	386	366	631	452	418	595	420	575	488	408	612	595	455	506	414	494	372	484	518	641	441	385	615	548	637	581	617	540	386	402	481	502	437	481	632	611	369	505	411	506	373	506	409	503	604	659	577	625	622	641	459	616	464
537	464	531	536	531	513	545	470	613	463	550	418	544	625	624	450	611	640	369	382	382	647	364	596	436	564	545	610	541	623	539	559	441	426	376	483	366	419	391	633	530	578	437	427	629	578	509	631	446	406	598	639	618	371	570	465	451	600	502	437	481	634	611	369	505	411	506	373	506	409	503	604	659	486	625	622	641	459	616	464
639	464	531	539	531	513	545	470	613	463	422	418	649	625	624	450	611	640	369	539	382	647	364	596	436	564	545	610	541	623	539	559	441	396	376	483	366	374	533	607	558	432	519	583	644	601	511	635	547	395	603	450	649	527	605	509	615	575	541	624	465	517	370	649	558	548	362	427	566	380	601	605	639	656	635	518	409	463	438	635
430	464	548	536	590	394	545	470	613	463	392	439	522	381	377	392	472	479	556	552	429	620	455	647	520	526	428	479	383	528	452	581	595	420	511	521	418	419	391	420	427	426	494	372	484	518	641	441	401	615	548	637	581	617	540	386	402	481	502	437	481	632	611	369	505	417	506	373	506	409	503	604	659	577	625	622	641	474	616	464
392	434	576	511	555	594	545	558	513	548	618	437	615	371	405	636	474	403	556	525	429	620	455	647	537	365	370	610	541	569	635	362	640	518	383	488	462	612	595	400	488	544	575	427	446	578	509	631	616	565	567	606	434	609	377	658	473	607	541	624	537	617	370	649	534	419	573	393	604	571	380	621	463	474	545	539	559	384	431	374
392	434	576	413	485	635	533	651	446	394	562	560	522	381	371	569	472	479	556	552	429	620	461	647	537	365	370	610	541	569	635	362	650	612	376	483	384	652	391	420	427	426	494	372	484	518	507	441	385	432	366	644	581	617	540	386	402	481	502	437	481	632	611	369	505	411	506	373	506	409	503	604	659	446	625	622	641	459	616	464
537	464	651	536	379	513	545	470	613	463	623	418	544	625	528	450	611	640	369	609	382	647	364	596	436	365	532	610	541	374	539	559	441	612	376	585	424	419	391	455	427	426	575	371	660	396	509	631	616	406	399	639	618	371	570	374	451	600	445	445	517	449	606	491	485	614	573	500	654	441	414	586	463	474	545	558	559	377	460	374
392	434	548	413	485	519	545	601	610	367	550	507	512	625	624	450	611	394	369	607	382	647	544	596	436	365	545	610	541	623	452	581	595	420	575	488	462	618	595	633	575	578	494	372	484	518	641	408	653	615	414	637	581	617	540	386	402	481	597	437	481	632	611	369	505	411	506	373	506	393	503	604	659	577	625	622	641	505	384	541
537	464	531	536	379	513	545	612	613	463	550	418	544	625	624	494	385	421	619	382	382	550	364	596	537	365	625	398	541	529	648	608	539	463	566	629	604	448	636	380	598	376	458	555	482	608	401	401	585	623	426	486	460	625	460	646	589	527	425	482	419	477	564	514	544	548	362	427	475	380	580	605	639	656	635	518	409	463	368	580
537	567	531	536	379	491	545	470	613	463	550	418	544	364	624	450	611	364	369	382	428	647	364	596	436	515	545	536	541	623	539	559	441	518	575	488	462	612	595	633	612	544	575	427	446	578	509	473	616	615	567	606	369	558	650	658	662	523	541	624	537	517	370	649	558	548	512	427	409	380	580	605	639	656	635	518	409	463	438	635
537	464	554	536	405	632	437	616	490	435	627	498	435	627	371	549	419	625	447	401	382	647	600	596	524	467	381	531	367	492	627	553	441	560	511	521	504	374	533	466	558	420	478	583	644	565	539	524	470	615	548	434	657	371	556	403	417	571	530	541	585	476	446	656	504	576	604	386	627	482	459	386	372	533	375	630	603	457	437	482
573	399	548	645	654	527	545	470	613	626	550	418	544	625	559	450	378	640	369	401	382	647	364	596	483	365	407	610	461	660	417	567	539	497	566	631	534	448	590	492	572	651	578	555	482	440	511	635	516	395	603	450	649	658	661	509	604	444	410	624	419	593	429	506	562	548	596	500	654	648	647	452	611	483	588	602	366	595	658	381
573	410	531	536	379	513	545	470	513	463	550	418	544	625	406	450	611	640	549	382	382	647	600	596	524	365	483	610	541	412	627	398	539	463	485	488	462	622	636	569	468	651	629	619	482	432	445	616	470	644	564	606	386	617	540	386	402	481	502	613	537	584	363	369	505	453	506	376	506	409	503	604	659	510	625	616	617	459	565	464
537	413	376	536	379	540	545	470	613	365	443	418	544	625	624	450	611	640	622	534	468	467	625	382	587	444	553	432	495	572	468	420	385	658	467	638	428	598	552	617	397	526	400	454	482	432	539	539	493	596	467	637	458	558	517	658	479	477	569	469	603	553	527	499	615	543	627	494	399	446	422	385	371	553	394	650	430	377	658	635
398	464	399	608	379	513	545	470	613	626	636	560	522	381	371	569	472	479	369	401	565	647	470	466	568	373	377	556	367	492	627	553	455	560	575	488	462	612	632	633	575	578	575	427	629	578	612	631	616	406	598	639	618	371	546	374	451	600	586	388	640	460	446	415	504	576	607	592	489	611	552	386	650	533	478	630	603	457	530	457
476	576	560	619	379	505	593	600	613	502	550	404	544	625	624	479	602	640	556	552	416	620	596	573	520	526	528	386	366	528	539	559	441	592	376	483	366	419	634	654	427	426	494	372	484	518	376	441	385	615	548	637	581	414	540	539	402	481	445	445	517	449	606	491	440	614	573	500	421	441	380	555	463	474	388	539	501	377	460	374