554	411	566	413	644	524	533	651	446	394	618	437	615	411	405	636	474	403	392	525	429	556	455	647	520	526	552	386	366	561	452	418	595	420	575	488	408	612	595	455	506	414	494	372	484	518	641	441	385	615	548	637	559	459	540	386	402	481	502	588	535	507	561	532	406	397	428	647	453	497	633	477	362	527	588	566	635	518	456	410
430	464	548	536	590	394	545	470	613	463	392	439	522	365	377	392	472	479	556	552	429	620	455	647	520	526	428	479	383	528	452	581	595	420	511	521	418	460	391	420	427	426	494	372	484	518	641	441	401	615	548	637	581	617	540	386	662	534	523	588	535	507	561	532	406	581	428	647	453	497	633	477	362	527	588	543	635	518	456	410
554	411	566	413	644	524	533	651	446	394	618	543	615	411	405	636	474	403	392	525	429	556	455	603	520	526	552	386	366	561	495	418	595	420	575	488	408	612	595	455	506	426	494	372	484	518	641	441	401	615	548	637	581	617	540	386	662	534	523	588	535	507	561	532	406	581	428	560	453	497	633	477	362	527	588	543	635	518	456	410
435	464	548	536	590	394	545	470	613	463	392	439	522	365	377	392	472	479	556	552	429	620	455	647	520	526	428	479	383	528	452	581	595	420	511	521	418	460	391	420	427	414	494	372	484	518	641	441	385	615	548	637	559	459	540	386	402	481	502	588	535	507	561	532	406	397	428	647	453	497	633	477	375	527	588	566	635	518	456	410
537	480	531	536	379	513	545	470	613	463	550	418	516	625	478	450	611	640	369	382	382	647	587	596	436	365	545	610	541	623	539	559	441	612	376	483	366	419	391	420	598	544	524	427	446	578	509	631	518	565	567	606	434	558	377	658	662	523	523	588	535	583	561	532	406	581	428	485	453	497	633	477	362	527	588	543	635	518	456	410
537	464	531	536	494	513	545	470	613	463	550	418	516	625	624	450	611	640	369	382	382	647	587	596	436	365	545	610	541	623	539	559	441	612	376	483	366	419	391	420	598	544	524	427	446	578	509	631	518	565	567	606	434	558	377	658	402	481	502	437	481	632	611	369	505	417	506	373	506	409	503	604	557	577	625	614	641	474	616	464
430	464	548	536	590	394	545	470	613	463	523	439	522	381	377	392	472	479	556	552	429	620	455	647	520	613	545	536	541	623	539	559	441	518	587	574	462	612	595	633	598	544	524	427	446	578	509	631	616	565	567	606	434	558	377	658	662	520	523	437	481	632	611	369	505	411	506	371	505	409	503	604	659	577	625	622	641	580	616	464
537	464	531	409	379	513	425	526	613	463	550	418	544	484	624	450	611	640	369	561	428	647	364	596	436	526	428	479	383	528	452	581	595	420	511	521	418	419	391	420	427	426	549	372	484	518	641	441	401	615	548	637	505	617	526	386	402	481	502	437	481	632	611	369	505	417	506	563	506	409	503	604	659	577	625	622	641	474	616	464
537	464	554	536	529	632	437	616	490	435	627	498	435	627	371	549	419	625	447	401	382	647	600	596	524	467	381	531	367	492	627	553	506	518	575	488	462	612	595	633	427	426	494	372	484	518	641	441	385	615	548	637	581	617	540	386	402	481	609	437	481	506	611	369	505	411	506	373	506	606	503	604	659	619	484	622	641	459	616	464
476	576	560	619	379	505	593	600	613	502	550	625	544	625	624	479	602	640	369	382	382	647	364	596	436	564	545	610	541	623	539	559	441	426	376	583	366	419	391	633	530	578	437	427	629	578	509	631	446	406	598	662	618	371	570	465	451	600	502	609	481	634	611	369	505	411	506	417	506	409	504	604	659	577	625	399	641	374	616	464
537	464	552	536	379	513	425	470	613	463	550	418	544	551	624	557	611	640	498	382	428	647	364	596	436	613	545	536	541	623	539	559	441	560	511	521	504	374	533	466	558	420	478	583	644	565	539	524	470	615	548	434	657	371	556	403	402	481	502	437	481	632	611	369	505	411	506	373	531	409	503	604	659	446	625	622	641	459	616	464
537	464	531	536	381	463	545	470	613	463	482	418	544	625	624	450	417	640	369	382	382	647	364	596	436	526	545	610	541	623	539	559	441	612	376	483	481	419	391	420	427	426	494	372	484	518	651	441	385	615	548	637	581	617	540	386	417	571	530	541	585	476	446	656	504	369	604	634	627	482	459	386	372	533	601	588	603	457	437	482
392	434	597	413	485	635	533	651	446	394	562	560	522	381	371	649	472	552	556	552	429	620	461	647	592	365	370	610	384	569	635	362	650	612	376	483	384	652	391	532	427	426	494	372	484	575	507	441	385	432	366	644	581	617	540	386	402	481	502	437	481	632	611	369	505	548	589	427	475	527	580	605	639	656	397	518	409	463	368	580
398	464	399	608	379	513	545	470	520	626	636	560	522	381	371	494	385	421	619	382	382	550	364	596	537	365	625	398	541	529	648	608	539	463	566	629	604	540	636	380	558	376	458	555	482	608	660	401	585	623	426	486	479	625	460	646	589	420	425	482	419	477	564	514	544	411	640	373	617	409	503	604	659	577	625	622	641	459	616	464
364	464	531	536	379	491	545	470	613	463	550	497	544	364	624	450	611	364	369	382	428	647	364	608	436	497	545	536	541	623	539	559	441	518	575	488	462	660	595	633	612	544	575	427	446	578	632	473	616	615	567	606	369	558	650	658	662	523	541	624	537	517	370	649	558	548	512	373	506	393	503	482	659	577	422	622	641	505	384	541
537	567	447	539	443	513	545	470	613	463	422	418	649	625	576	450	611	640	369	539	382	647	364	596	436	564	545	610	541	623	539	559	441	396	566	631	534	448	433	492	572	374	465	555	482	440	511	635	516	395	603	450	649	658	661	509	604	472	410	624	419	593	429	506	562	596	596	500	654	648	647	452	610	483	588	602	366	595	658	381
537	413	376	536	379	540	545	470	613	365	443	418	544	625	624	450	611	640	622	534	662	467	625	382	587	444	456	432	495	572	522	535	385	658	467	492	428	598	552	617	397	526	400	454	482	432	539	539	493	596	467	637	458	558	517	374	402	481	445	445	517	449	606	491	440	600	573	500	421	441	380	555	463	474	388	539	501	377	460	374
537	464	531	536	531	513	545	470	613	463	392	418	544	625	624	450	611	534	556	552	415	620	596	573	520	526	528	386	366	586	539	559	441	592	376	483	416	419	634	654	427	426	494	372	484	470	376	441	385	615	548	637	581	414	540	539	451	600	445	445	517	449	606	491	485	614	573	500	582	441	414	586	463	474	545	558	559	377	460	374
537	464	651	513	379	513	545	470	613	463	623	418	544	625	528	569	472	479	369	532	565	647	470	466	568	474	377	556	367	492	627	553	455	560	575	488	462	658	632	633	575	578	575	427	629	578	612	631	616	406	598	639	618	371	546	374	451	600	586	388	640	460	446	415	504	576	563	592	489	611	552	366	650	533	478	630	603	457	530	621
537	464	531	536	379	513	545	612	613	463	550	418	544	625	624	450	611	640	369	609	382	647	364	596	436	365	532	610	541	374	539	559	441	612	376	585	424	419	391	455	427	426	460	371	660	396	509	501	616	406	399	639	618	371	570	658	479	477	569	469	603	553	527	499	499	514	627	494	399	494	422	385	371	553	394	650	430	377	658	635