476	558	560	627	405	632	437	616	589	498	627	498	426	628	512	488	386	476	549	464	459	631	570	489	577	591	639	368	366	528	452	581	640	518	575	488	462	612	595	633	527	544	575	427	446	578	509	631	616	406	455	606	434	558	517	658	629	598	541	624	537	593	373	649	562	548	573	500	654	441	612	452	569	474	545	539	559	384	460	374
392	434	497	413	485	519	545	552	513	548	562	560	522	381	371	569	544	479	556	552	429	620	455	647	520	387	387	588	640	569	390	362	595	420	621	595	597	544	484	380	624	444	450	384	378	553	649	575	366	498	638	612	558	545	546	441	417	575	523	588	640	499	641	499	523	450	578	484	600	580	391	604	639	510	625	622	641	459	565	381
476	558	560	627	405	632	437	616	589	498	627	498	426	628	512	488	386	549	549	464	459	631	570	489	577	591	639	368	366	528	452	581	595	420	589	595	597	544	496	380	624	383	450	384	378	553	649	575	366	498	638	612	558	545	546	441	417	575	523	588	475	499	641	499	523	450	578	484	600	580	391	604	639	510	625	622	641	459	565	381
392	434	497	413	485	519	545	552	513	548	562	560	522	526	371	569	544	479	556	552	429	620	455	647	520	387	387	588	640	569	390	362	640	518	575	488	462	612	595	633	527	544	575	427	446	578	509	487	616	406	455	606	434	558	517	658	629	598	541	624	537	593	373	649	562	548	573	500	654	625	612	452	569	474	545	539	559	384	460	374
476	558	560	551	405	565	545	552	513	548	562	560	522	381	371	569	544	479	556	552	429	620	455	647	520	387	387	588	640	569	390	362	595	546	601	396	371	453	536	370	647	567	637	565	586	612	526	628	545	646	426	486	460	625	435	646	589	527	425	482	368	477	435	514	437	506	362	427	462	380	548	495	639	656	435	518	615	422	384	635
392	434	497	413	485	519	545	552	513	548	562	560	522	381	371	569	544	479	556	362	429	620	455	647	520	387	387	588	640	536	390	362	606	420	621	595	597	544	484	380	624	444	450	384	378	553	649	575	366	498	638	612	558	545	549	441	417	575	625	588	640	568	641	499	523	450	578	484	600	580	391	604	639	510	625	622	641	459	565	381
392	640	497	413	485	519	437	616	589	498	627	498	443	527	373	488	386	476	549	464	459	631	570	447	524	565	381	557	367	492	627	553	441	645	511	521	418	362	533	607	558	432	478	479	452	396	511	635	516	395	582	532	649	527	661	509	604	444	436	477	535	491	561	643	506	627	428	439	542	497	511	461	362	527	571	566	366	518	456	463
559	494	422	599	639	604	396	531	622	659	474	535	636	609	572	501	490	464	525	500	591	399	456	468	641	447	608	559	537	395	602	653	626	622	487	630	375	564	417	601	495	623	448	554	441	435	401	401	585	652	393	365	455	424	611	404	555	506	537	385	474	649	518	521	589	516	578	484	600	580	391	604	627	510	625	622	641	459	565	381
476	558	560	551	405	632	437	533	589	498	627	498	443	527	373	488	386	476	549	464	459	486	435	447	524	565	381	557	600	492	627	559	441	651	511	521	418	624	533	607	495	623	448	554	441	435	401	401	585	559	450	389	581	617	540	386	402	500	502	437	426	616	444	627	626	486	604	386	627	482	459	386	650	533	478	630	603	457	437	482
376	656	402	401	597	441	452	468	637	471	468	645	611	380	538	501	509	419	376	402	464	444	478	386	574	536	615	365	512	438	557	395	399	442	611	609	467	422	581	389	488	388	465	559	443	388	444	540	496	375	604	423	455	424	611	404	555	506	537	385	474	649	518	369	589	516	578	484	600	580	391	604	627	446	625	622	641	459	565	381
476	411	605	460	553	395	497	487	604	448	657	399	529	434	393	584	416	633	543	497	402	406	499	469	538	550	471	580	551	422	658	490	655	612	376	483	366	419	391	508	411	547	494	372	446	518	641	441	529	473	462	410	526	557	380	527	479	477	569	469	603	553	527	499	615	596	647	597	479	446	510	385	371	553	394	650	471	377	658	381
554	475	566	511	534	542	533	651	451	394	618	437	615	411	639	636	474	607	622	581	365	659	568	627	616	440	657	444	530	475	571	416	399	416	394	446	563	451	544	534	527	527	640	453	383	647	614	519	429	628	446	531	379	601	472	520	402	492	375	472	537	443	542	517	391	445	417	490	506	657	542	482	391	442	409	515	491	424	659	498
451	514	386	493	384	433	527	642	371	547	650	635	406	378	605	379	440	390	598	437	561	422	406	565	504	589	567	554	599	514	654	646	483	394	386	535	489	522	464	534	601	449	607	552	630	567	586	581	419	411	587	511	412	574	483	523	615	558	578	431	420	388	454	644	502	586	513	396	448	404	399	401	526	612	489	580	648	644	362	461
537	464	548	536	379	513	545	470	613	626	550	418	544	625	624	450	637	640	369	401	382	647	600	455	537	365	370	610	541	623	631	608	539	463	625	629	565	448	636	380	598	403	629	555	482	432	539	562	470	528	548	434	446	425	556	403	417	623	379	532	397	613	547	384	438	561	546	378	392	631	554	500	561	629	508	559	432	475	476	544
559	430	459	550	635	416	482	614	627	601	575	650	582	572	617	445	493	622	651	640	609	388	463	376	612	448	474	454	368	441	612	653	582	415	447	591	417	635	510	637	470	550	431	547	609	604	551	594	592	614	492	636	653	387	488	499	533	377	370	600	555	498	602	479	446	509	495	374	437	465	526	495	642	415	457	538	449	639	656	652
651	450	393	467	400	468	419	403	536	479	625	661	367	525	584	414	463	397	429	534	605	642	625	387	587	603	553	432	495	497	468	420	385	658	467	530	428	598	600	617	557	505	547	618	496	520	654	378	370	623	598	639	430	371	546	374	385	600	445	445	517	449	606	491	485	614	461	624	414	605	592	510	622	577	460	487	614	602	388	610
584	476	486	460	430	434	561	610	364	528	364	529	644	625	399	458	395	614	596	608	455	378	367	448	488	564	524	494	562	435	543	413	501	419	440	555	404	655	474	612	592	441	623	593	579	581	584	544	524	505	397	525	557	442	372	632	518	626	583	508	506	462	377	546	508	429	586	642	525	573	362	570	478	662	642	502	512	628	506	490
395	510	610	382	618	555	560	443	454	492	613	628	475	462	476	493	373	378	579	530	562	500	368	523	410	627	529	567	437	414	401	489	621	368	600	629	640	586	549	541	498	392	627	583	461	371	639	534	615	579	492	411	605	429	592	660	384	390	504	392	541	627	496	446	457	514	650	632	602	427	415	549	417	389	604	642	427	443	456	488
591	535	393	564	646	591	409	574	659	601	634	419	520	614	583	639	660	479	606	541	518	416	504	530	490	369	586	505	454	408	633	620	634	489	457	406	373	393	607	533	559	493	408	437	505	484	498	621	534	417	567	483	567	569	428	374	641	564	423	383	532	395	611	369	505	411	506	551	371	409	503	502	466	401	549	563	469	566	465	509
435	532	509	460	424	415	399	475	370	521	635	472	589	478	571	637	655	641	535	399	592	463	648	367	550	384	650	374	616	556	576	503	517	430	435	394	428	388	657	593	412	642	373	417	575	614	543	505	478	489	469	450	492	649	401	612	656	386	448	574	462	470	378	584	627	491	472	652	504	623	641	452	453	378	415	496	478	645	528	647