476	558	560	551	405	632	437	616	589	498	627	498	443	527	373	488	386	476	549	464	459	631	570	447	524	565	381	557	367	492	627	553	441	651	511	521	418	362	533	607	495	623	448	554	441	435	401	401	585	559	450	423	455	424	611	404	555	506	537	385	474	649	518	521	589	516	578	484	600	580	391	604	627	510	625	622	641	459	565	381
392	434	497	413	485	519	545	552	513	548	562	560	522	381	371	569	544	479	556	552	429	620	455	647	520	387	387	588	640	569	390	362	595	420	621	595	597	544	484	380	624	444	450	384	378	553	649	575	366	498	638	612	558	545	546	441	417	575	523	588	640	499	641	499	523	450	578	484	600	580	391	604	639	510	625	622	641	459	565	381
476	558	560	551	405	632	545	552	513	548	562	560	522	381	371	569	544	479	556	552	429	620	455	647	520	387	387	588	640	569	390	362	595	420	621	595	597	544	484	380	624	444	450	384	378	553	649	575	366	498	638	612	558	545	549	441	417	575	625	588	640	568	641	499	523	450	578	484	600	580	391	604	639	510	625	622	641	459	565	381
392	640	497	413	485	519	437	616	589	498	627	498	443	527	373	488	386	476	549	464	459	631	570	447	524	565	381	557	367	492	627	553	441	651	511	521	418	362	533	607	495	623	448	554	441	435	401	401	585	559	450	423	455	424	611	404	555	506	537	385	474	649	518	521	589	516	578	484	600	580	391	604	627	510	625	622	641	459	565	381
392	434	497	413	485	519	545	552	513	548	562	560	522	381	371	569	544	479	556	362	429	620	455	647	520	387	387	588	640	569	390	362	606	546	601	396	371	453	629	370	647	567	637	565	586	612	526	628	545	646	426	486	460	625	435	646	589	408	425	482	368	477	466	514	437	506	362	427	462	616	548	495	639	656	435	518	615	422	384	595
610	531	562	609	381	525	445	541	545	374	642	656	415	464	504	395	524	497	438	506	367	520	450	567	512	498	472	569	527	411	662	417	595	420	621	595	597	544	484	380	624	446	450	384	378	553	649	575	366	634	638	612	558	545	546	655	417	575	523	522	640	651	641	499	523	450	455	595	433	623	440	566	366	402	573	416	377	523	377	444
651	450	393	467	400	468	419	403	536	479	625	661	367	525	584	414	463	397	429	534	605	642	625	456	587	603	553	432	495	497	468	420	385	658	467	530	428	598	600	617	557	505	547	618	496	520	654	378	370	623	639	464	430	371	488	499	533	377	370	600	555	498	602	479	446	509	495	374	437	465	600	495	642	415	619	538	449	639	656	652
476	411	605	460	553	459	497	487	604	448	657	399	529	434	393	584	416	633	543	497	402	406	499	469	538	550	471	580	551	422	658	490	655	612	376	483	366	419	391	508	411	547	494	372	446	518	641	441	529	473	462	410	526	557	380	527	479	477	569	469	368	553	527	499	615	596	647	597	479	446	510	385	371	553	394	650	471	377	659	498
559	494	422	599	639	604	396	531	622	659	474	535	636	609	572	501	490	464	525	500	591	399	456	468	641	447	608	559	537	395	602	653	626	622	487	630	375	564	417	601	558	432	478	479	452	396	575	628	516	395	582	532	649	527	661	509	604	444	436	477	535	491	444	643	506	627	428	439	542	497	511	461	362	527	571	566	366	518	456	463
614	656	402	401	597	441	452	468	637	485	468	645	611	380	538	501	509	419	376	402	464	444	478	386	574	536	615	365	512	438	557	395	399	442	611	609	467	422	606	389	488	388	465	559	443	388	444	540	496	375	604	389	581	617	540	386	402	500	502	437	426	616	444	627	626	486	604	386	627	482	459	386	650	533	478	630	603	457	437	482
451	514	386	493	384	433	527	642	371	547	650	635	406	378	605	379	419	390	369	401	382	647	600	455	537	365	370	610	541	623	631	608	539	463	625	629	565	448	636	380	598	403	629	555	482	432	539	562	470	528	548	434	633	425	556	403	417	623	379	532	532	613	547	384	438	561	546	378	384	631	554	500	561	629	508	559	432	475	476	544
554	475	566	511	534	542	533	651	451	394	618	437	615	411	639	636	474	607	622	581	365	659	568	627	465	440	657	444	530	475	571	416	399	416	394	446	563	451	544	534	527	527	640	453	383	647	614	519	429	628	446	531	379	601	472	520	402	492	375	472	537	443	542	517	391	445	417	490	506	657	542	482	391	442	409	515	491	424	658	381
510	407	429	577	580	451	522	402	651	472	404	631	659	557	458	436	600	659	632	495	590	446	559	517	427	421	529	477	472	434	571	449	555	447	542	607	607	535	450	391	396	375	655	585	420	589	615	654	624	617	391	660	501	485	496	629	392	623	619	408	537	415	407	449	415	637	616	509	362	497	475	396	485	476	659	618	540	550	571	540
537	464	548	536	481	513	545	470	613	626	550	418	544	625	624	450	637	640	598	437	561	422	443	565	504	589	567	554	599	514	654	646	483	394	386	535	489	522	464	534	601	449	607	552	630	567	572	463	419	411	587	511	412	574	483	523	615	558	578	431	420	388	454	644	502	586	513	396	448	404	399	401	526	612	489	580	648	644	362	461
476	558	560	627	405	632	437	616	589	498	627	498	426	628	512	488	386	476	549	464	459	631	570	489	577	591	639	368	366	528	452	581	640	518	575	488	462	612	595	633	527	544	575	427	446	578	509	631	616	406	455	606	434	558	517	658	629	598	541	624	537	593	373	649	562	548	573	500	654	441	612	452	569	474	545	539	559	384	460	374
648	622	460	621	381	575	529	454	523	492	596	628	422	402	383	593	625	623	475	641	556	619	472	457	524	565	381	557	367	492	627	553	441	651	511	521	418	362	533	607	495	623	448	554	441	435	401	401	585	559	450	423	455	424	611	404	555	506	537	385	474	649	518	521	589	516	455	595	433	623	440	566	366	402	573	416	377	523	377	444
592	430	459	550	635	416	482	614	627	601	575	650	598	572	617	445	493	622	651	640	609	388	463	376	612	448	474	454	368	441	612	653	582	415	447	591	417	635	510	637	470	550	431	547	609	604	551	594	592	614	492	636	653	387	589	374	385	600	445	445	517	449	606	491	485	614	461	624	414	605	592	510	622	577	460	487	614	602	388	610
395	510	610	382	618	555	560	443	454	492	613	628	475	462	476	493	373	378	579	530	562	500	368	523	410	627	529	567	482	414	401	489	621	368	600	601	640	586	627	541	498	392	627	583	461	371	639	534	572	505	397	525	557	442	372	379	518	626	583	508	506	462	377	546	508	429	586	642	525	573	362	570	478	662	642	502	512	628	506	490
584	476	486	484	430	434	561	610	364	528	364	529	644	625	399	458	395	614	596	608	455	378	367	448	488	564	524	494	562	435	543	413	501	419	440	555	404	655	474	612	592	441	623	593	579	581	584	544	524	579	492	411	605	429	592	660	384	390	504	392	541	627	496	446	457	622	650	632	602	427	456	549	417	389	604	642	427	443	415	488
439	560	445	429	413	558	487	620	409	583	509	472	533	480	485	524	652	415	387	408	573	396	640	638	459	449	386	450	605	532	393	483	465	631	630	657	461	525	527	445	437	468	411	490	609	424	454	598	386	404	649	559	503	391	606	603	407	602	497	493	576	459	451	396	605	596	617	607	616	515	488	657	480	490	480	485	505	569	628	453