443	411	552	536	366	607	496	630	654	463	515	418	502	474	566	629	474	421	653	629	559	647	455	647	602	526	439	662	384	528	393	581	571	656	511	521	389	626	391	420	367	638	592	372	484	373	363	441	385	607	548	637	559	459	391	407	402	481	640	650	464	401	561	532	500	397	658	379	520	471	633	556	375	527	588	616	635	592	456	645
443	411	552	536	366	607	496	662	654	463	515	418	502	509	566	629	474	421	660	525	577	647	455	647	602	526	388	662	416	528	496	436	597	420	511	521	636	412	391	420	446	571	592	452	484	373	363	441	385	607	548	418	559	459	510	407	402	481	518	498	546	401	561	532	500	397	428	647	522	428	418	556	375	527	588	532	635	592	456	645
443	411	552	536	366	607	496	630	654	463	515	418	502	509	566	629	474	421	660	525	577	647	455	647	602	526	388	662	416	528	496	436	597	420	511	521	636	412	391	420	446	571	592	452	484	373	363	441	385	607	548	418	559	459	510	407	402	412	518	498	546	401	561	532	500	397	428	647	522	428	418	556	617	527	588	532	635	592	600	645
443	411	552	536	366	607	496	662	654	463	515	418	458	474	566	629	474	421	653	629	559	647	455	647	602	526	439	662	384	528	393	581	571	656	511	521	389	626	391	420	367	562	592	372	484	373	363	441	385	607	548	637	559	459	391	407	402	481	640	650	464	401	561	532	500	397	658	379	520	471	633	556	375	527	588	616	635	401	456	645
443	411	552	518	366	607	496	662	654	463	515	418	502	598	566	541	474	556	660	525	559	647	455	609	602	526	439	662	416	631	393	581	614	489	511	521	389	412	391	420	367	368	592	372	609	373	363	441	404	607	548	637	559	459	510	407	402	481	502	650	523	458	583	532	500	397	428	647	453	497	418	525	525	527	485	610	533	655	473	618
418	411	552	536	366	607	496	630	654	463	515	544	502	598	566	541	474	582	660	525	559	647	455	647	602	588	439	443	416	528	393	581	372	489	412	521	389	412	391	420	367	638	592	372	484	373	363	441	385	607	548	637	559	459	391	634	402	481	502	650	464	401	561	532	500	397	426	511	453	497	418	556	375	527	588	532	635	592	456	645
418	411	552	536	366	607	496	630	654	463	498	418	502	509	566	629	474	421	660	525	577	647	455	647	602	526	388	662	416	528	496	436	597	420	511	521	636	412	362	451	603	571	592	640	484	373	411	441	385	607	548	637	559	519	391	407	402	481	502	650	464	401	561	532	500	471	628	400	520	471	633	556	575	527	566	532	505	376	456	389
443	411	552	485	391	607	496	630	649	463	515	418	642	474	566	629	474	421	653	476	531	647	455	418	601	526	439	662	384	528	393	581	571	586	651	451	471	626	391	420	367	638	592	372	484	373	363	441	385	607	548	418	559	459	510	407	402	481	518	498	546	401	561	532	500	397	428	422	522	428	418	556	375	527	588	549	635	592	456	645
383	389	552	496	510	383	496	630	654	626	515	418	502	534	566	629	474	556	660	625	559	647	387	647	602	526	388	662	416	528	460	581	571	420	509	393	389	412	391	420	367	571	592	452	532	373	363	576	385	607	548	418	559	459	510	420	402	481	382	467	504	401	561	414	570	397	567	439	363	497	418	556	375	527	568	610	635	592	456	645
498	389	482	472	366	607	483	633	542	541	547	377	372	534	637	403	364	662	480	533	465	516	455	434	545	526	592	537	383	542	393	581	571	420	470	521	622	412	423	420	367	638	592	372	609	373	363	441	404	607	548	637	394	459	510	407	402	481	502	650	464	435	561	532	500	397	658	645	520	484	633	556	375	529	588	520	635	592	484	645
498	389	552	496	510	383	496	577	654	463	633	418	407	509	566	501	563	662	392	649	457	620	455	647	602	585	592	662	498	542	396	570	435	510	574	521	418	460	602	634	367	476	417	372	484	373	363	441	385	607	492	418	559	459	549	635	402	481	394	650	369	401	561	413	500	397	658	633	479	497	633	508	375	527	588	532	635	592	456	645
432	389	551	464	453	374	496	630	654	540	515	510	502	534	566	629	474	421	660	553	546	516	455	434	602	526	592	412	383	542	460	581	571	420	505	393	389	412	391	420	534	556	592	372	540	373	363	441	519	455	373	363	559	459	510	407	402	461	518	467	546	401	561	532	500	397	456	521	453	497	444	636	375	527	588	603	658	503	615	394
463	411	636	552	366	607	496	513	593	541	372	385	431	551	652	433	377	662	536	509	436	577	474	647	602	526	388	662	384	528	580	581	571	656	511	521	389	626	391	420	367	638	592	372	484	373	363	441	385	607	548	637	559	459	391	407	402	481	502	369	546	401	655	532	500	389	428	498	522	634	418	413	375	527	588	381	635	592	413	645
443	505	610	566	366	607	446	630	429	541	547	425	372	551	624	633	474	587	585	405	431	620	455	647	447	526	388	662	611	599	530	581	571	420	511	521	461	412	391	549	367	571	470	608	484	373	363	441	481	580	548	637	475	459	601	407	402	481	518	650	464	401	561	532	574	397	658	379	520	471	633	556	375	527	588	610	635	592	456	645
418	411	609	536	366	446	496	630	654	607	515	418	502	598	566	541	474	556	660	525	559	647	455	647	602	526	439	509	383	399	419	581	595	525	574	430	482	412	391	420	367	638	592	533	484	373	363	441	385	405	513	422	520	459	378	407	402	598	502	650	464	603	379	532	500	397	428	647	453	497	418	556	375	527	588	610	635	592	456	645
570	411	552	536	366	607	496	630	654	463	515	418	502	598	566	541	474	556	660	386	559	647	577	609	602	563	439	662	416	528	393	581	614	489	511	521	389	412	391	420	367	638	592	372	609	373	363	441	404	607	548	637	559	459	510	407	402	481	502	650	523	401	583	532	560	383	556	542	453	497	633	556	391	472	588	377	635	592	456	402
637	487	552	536	428	607	496	630	654	463	515	418	500	652	566	473	415	421	660	525	551	377	455	644	602	526	647	419	416	528	393	581	526	420	445	521	636	580	391	420	367	365	530	374	484	373	363	441	455	607	548	418	559	459	558	407	402	481	394	650	464	525	561	607	562	397	428	647	450	628	633	556	494	481	588	449	635	535	456	645
443	506	630	536	366	607	610	520	381	463	515	418	502	474	566	629	474	476	563	476	559	647	455	647	602	526	439	474	384	528	393	581	571	656	511	521	389	626	380	420	534	556	592	372	484	593	363	441	446	607	524	363	559	459	510	566	402	395	518	498	364	401	561	532	500	397	428	623	488	428	633	556	375	561	566	532	376	577	607	414
443	411	499	536	366	607	496	630	654	463	515	418	502	474	566	486	474	421	653	476	559	647	455	487	602	526	439	662	438	528	393	581	614	489	370	379	588	460	544	592	461	654	504	607	377	518	641	524	385	635	426	618	559	459	474	407	402	481	502	588	596	401	561	399	609	546	428	420	453	566	644	556	554	401	478	419	635	654	638	553
446	626	647	496	379	528	496	630	620	458	547	530	372	588	573	403	570	662	557	481	457	620	543	613	479	526	594	662	416	528	600	627	435	510	511	521	389	412	391	420	367	550	592	372	534	373	363	441	404	607	548	637	614	459	480	407	402	481	502	650	523	401	583	532	500	397	428	647	453	497	418	556	375	424	477	519	485	526	456	645