392	434	497	413	485	519	545	552	513	548	562	560	522	381	371	569	544	479	556	362	429	436	455	647	520	387	387	588	640	536	390	362	606	420	621	595	597	544	484	380	624	444	450	552	630	567	586	581	419	411	587	511	412	574	483	523	524	558	578	431	420	388	454	644	502	443	513	396	448	404	399	401	526	612	489	580	648	644	362	461
476	558	560	627	405	632	437	616	589	498	627	498	426	628	512	488	386	476	549	464	459	631	570	489	577	591	639	368	366	528	452	581	640	518	575	488	462	612	595	633	527	544	575	427	446	578	509	631	616	406	455	606	434	558	517	658	629	598	541	624	537	593	373	649	562	548	573	500	654	441	612	452	569	474	545	539	559	384	460	374
392	434	497	413	563	519	545	552	513	548	562	560	522	636	371	569	544	479	556	362	429	436	455	647	520	387	639	368	366	528	452	581	640	518	575	488	462	612	595	633	527	544	575	427	629	578	509	631	616	406	455	606	434	558	517	658	629	598	541	624	537	593	373	649	562	548	591	500	654	441	612	452	569	474	545	539	559	384	460	374
476	557	560	627	405	632	607	616	589	498	627	498	426	628	512	488	393	476	549	464	459	631	570	489	577	591	387	588	640	536	390	362	606	420	621	595	597	544	484	380	624	444	450	552	630	567	586	581	419	411	587	511	412	574	483	523	524	558	610	431	420	388	454	644	502	443	513	396	448	404	399	401	526	612	489	580	648	644	362	554
392	434	497	413	485	519	545	384	513	548	562	560	522	381	371	569	544	479	556	552	429	620	455	647	520	387	387	588	640	569	390	362	535	420	621	595	597	544	531	380	624	444	450	384	378	553	649	575	366	498	638	612	539	545	546	441	417	575	523	588	558	499	641	499	523	450	578	484	600	580	391	604	639	510	625	622	641	459	565	464
476	558	560	627	405	632	437	616	589	498	627	498	426	628	512	488	386	476	549	464	496	620	479	647	520	387	387	588	640	569	390	362	595	420	621	595	597	544	484	380	565	583	450	384	378	553	649	575	366	388	638	612	558	545	546	441	417	575	523	588	640	499	641	499	523	450	578	484	600	580	391	604	639	510	625	622	479	459	418	381
651	450	393	467	420	381	419	403	536	479	625	661	367	525	584	502	463	397	429	581	365	659	568	627	616	440	657	444	530	475	571	416	399	381	394	446	563	451	544	426	527	527	640	423	383	647	614	519	429	628	446	531	379	489	472	520	402	492	375	472	537	443	542	517	391	445	417	490	506	657	542	482	391	442	409	515	641	459	565	381
554	411	566	511	534	542	533	651	451	394	618	437	615	411	639	636	474	607	622	534	605	642	625	387	587	603	553	432	495	497	468	420	385	658	467	530	428	598	552	617	557	505	547	618	496	520	401	401	585	652	393	365	455	453	611	404	555	506	537	385	474	649	518	521	589	516	578	484	625	580	391	604	627	510	625	622	641	459	565	381
476	558	560	551	405	565	437	616	490	435	627	498	443	527	371	569	544	479	556	552	429	620	455	647	520	387	387	452	640	422	658	490	655	612	376	483	366	419	391	420	427	547	494	372	484	518	641	441	385	473	462	410	526	557	380	527	479	477	569	469	603	553	527	499	615	596	647	597	399	446	510	385	371	553	394	650	471	377	658	381
392	434	497	413	485	519	545	552	513	548	562	560	522	433	373	488	386	476	616	464	575	631	570	447	524	467	381	557	367	492	627	553	441	645	511	521	418	374	533	607	558	432	478	583	452	440	511	635	516	395	603	532	649	527	661	509	604	444	436	477	535	491	561	628	406	627	428	647	542	497	511	461	362	527	588	566	366	518	456	528
392	434	497	413	485	519	545	552	513	548	562	560	522	381	481	569	544	479	556	460	521	631	570	489	577	591	639	368	366	528	452	581	640	509	575	488	462	612	595	633	527	544	575	427	446	578	509	631	616	406	455	606	434	558	517	658	662	598	541	624	537	593	370	649	562	548	578	484	600	580	580	604	639	510	625	622	491	424	659	498
476	558	560	627	405	632	437	616	589	498	627	498	426	427	512	488	386	549	549	464	459	631	570	489	577	591	639	368	366	528	452	581	595	420	589	595	597	544	496	380	624	383	450	384	378	553	649	575	366	498	372	612	558	545	442	441	417	514	591	655	475	499	641	499	523	450	573	500	654	441	612	452	569	474	545	539	559	384	460	374
591	535	393	564	646	591	409	574	659	601	634	419	520	583	583	639	660	479	606	541	518	416	504	530	490	369	586	420	454	408	633	620	634	489	457	406	373	393	607	533	404	493	408	437	505	484	645	621	534	602	567	375	567	569	428	374	641	564	423	383	532	496	444	627	626	486	525	484	587	557	617	589	504	645	530	592	393	641	495	363
537	464	548	536	379	513	545	470	613	626	550	418	544	625	624	450	611	640	369	401	382	647	600	596	537	365	370	610	541	623	648	608	539	463	566	629	565	448	636	380	598	651	629	555	482	432	539	562	470	615	548	434	446	425	556	403	417	547	530	541	585	654	446	656	504	576	604	386	627	482	459	386	650	533	478	630	603	457	437	482
451	514	386	493	384	433	527	642	371	547	650	432	406	378	605	379	440	513	598	437	561	422	519	565	504	589	567	523	599	514	636	646	483	394	386	535	489	522	464	534	601	449	607	384	601	553	649	575	554	626	638	612	558	545	549	441	417	575	625	588	640	568	641	499	523	450	461	624	414	605	592	510	622	577	460	487	614	602	388	610
614	494	422	599	639	604	396	531	622	659	474	535	428	609	572	501	490	464	525	500	591	399	456	468	641	447	608	559	537	395	602	653	626	622	487	630	539	564	417	601	576	545	448	554	441	435	654	378	370	623	598	639	618	371	546	374	451	600	445	445	517	449	606	491	485	614	578	484	600	580	391	604	639	510	625	622	641	459	565	381
476	456	560	616	507	632	545	552	513	548	562	430	522	381	603	569	544	479	556	552	429	620	455	647	520	387	387	588	640	565	390	362	382	546	601	396	371	453	536	370	647	567	637	565	586	612	526	628	545	646	426	486	460	625	435	646	589	527	425	482	419	477	435	514	363	506	362	427	462	380	580	605	639	656	435	518	615	422	384	635
579	640	497	440	485	519	437	533	589	498	627	498	443	527	373	488	386	476	482	464	459	486	435	447	524	565	381	557	600	492	627	559	441	651	511	521	418	624	533	607	495	623	448	554	441	435	401	401	585	559	450	637	581	617	540	386	402	500	502	437	426	395	611	369	505	411	506	373	371	409	503	502	466	401	549	563	469	566	465	509
476	605	605	460	553	395	497	487	604	448	657	399	529	434	393	584	416	633	543	497	402	406	499	469	538	550	471	580	562	525	543	413	501	419	487	555	404	655	474	612	595	441	623	417	575	614	543	505	478	489	469	450	492	649	401	612	656	386	448	574	462	470	420	584	627	491	472	652	461	623	641	452	453	378	415	496	478	645	528	647
584	476	486	460	430	434	561	610	364	513	364	529	644	625	399	458	395	614	596	608	455	563	367	448	488	564	524	494	551	569	390	362	640	518	575	488	462	612	610	633	527	544	575	427	446	578	509	487	616	406	455	606	434	558	517	658	522	598	541	624	537	593	383	506	562	548	596	500	654	648	612	452	569	474	545	539	559	384	460	374