498	389	552	496	379	383	496	630	654	463	515	418	502	509	566	629	474	421	660	525	559	647	455	647	602	526	606	662	416	528	393	581	571	420	511	521	389	412	391	420	367	638	592	372	484	373	363	441	385	607	548	637	559	459	510	407	402	481	502	588	546	401	561	532	500	397	428	647	453	497	418	556	375	527	588	532	635	592	456	645
443	411	552	536	366	607	496	630	620	541	547	377	372	551	624	403	474	662	480	580	546	620	455	647	602	526	511	662	383	542	396	581	595	512	574	523	418	412	391	420	367	638	592	372	484	373	363	441	590	607	548	637	559	459	601	407	402	481	394	650	464	401	561	532	500	397	428	647	453	497	633	556	375	527	588	532	635	592	456	645
498	389	552	496	510	383	496	630	654	463	515	418	502	534	566	629	474	421	660	525	559	647	455	647	602	526	439	662	416	528	393	581	571	420	511	521	389	412	391	420	367	638	592	372	484	373	363	441	385	607	548	637	559	459	510	407	402	481	502	650	464	401	561	532	500	397	658	647	453	497	633	556	375	527	588	532	635	592	456	645
443	411	552	536	366	607	496	630	620	541	547	377	372	551	624	403	474	662	480	580	546	620	455	397	602	526	511	662	383	542	396	581	595	512	574	523	418	412	391	420	367	638	592	372	484	373	363	441	590	607	548	637	559	459	601	407	402	481	394	588	546	401	561	532	500	397	428	647	453	497	418	556	375	527	588	643	635	592	456	645
443	411	552	536	379	383	496	630	654	463	515	418	502	509	566	629	474	421	660	525	559	647	455	647	602	526	388	662	416	528	393	581	571	420	511	521	636	412	391	420	367	571	592	452	484	373	363	441	385	607	548	418	559	459	510	407	402	481	518	392	546	401	561	532	500	397	428	647	453	497	418	556	375	527	588	532	635	592	456	645
498	389	552	496	366	607	496	630	620	541	547	377	372	551	573	403	474	662	392	649	457	620	455	647	602	526	592	662	383	542	396	581	435	444	511	388	588	460	391	379	472	402	494	434	377	518	641	408	385	635	548	618	559	494	540	496	438	614	502	650	546	401	561	532	578	397	428	647	453	497	633	556	375	527	588	532	635	592	456	645
443	411	552	471	366	607	496	630	620	410	547	377	372	551	624	403	474	662	392	580	457	510	455	647	577	526	388	662	383	542	396	581	595	512	574	521	465	412	391	420	367	638	592	372	484	373	565	441	385	607	548	637	559	459	510	407	402	481	473	588	546	401	561	638	500	397	428	647	453	497	633	556	375	527	588	532	635	465	524	645
443	487	552	536	366	607	496	630	620	541	547	377	372	551	573	403	474	662	392	499	457	620	467	647	602	526	388	662	383	542	396	447	435	444	511	388	588	460	391	592	427	479	504	607	377	518	641	408	385	635	548	618	559	459	510	407	402	576	473	588	546	401	561	532	500	397	428	647	453	645	633	556	375	527	588	457	635	592	524	645
443	398	552	536	639	607	496	630	620	541	547	377	372	551	624	633	474	662	368	649	457	620	455	613	602	526	635	662	383	542	396	581	595	512	574	521	418	460	391	634	573	414	494	627	519	503	363	380	385	607	548	637	559	459	510	407	485	481	394	650	464	401	561	532	500	397	428	647	453	497	633	556	375	481	638	532	635	592	456	645
443	505	552	536	366	607	496	630	620	541	547	377	372	551	624	633	474	662	392	649	457	620	455	613	602	526	388	662	552	542	396	581	595	512	574	521	418	460	391	634	573	414	494	627	519	503	363	441	385	607	548	637	559	459	510	407	485	481	394	650	464	401	561	532	562	397	428	647	453	497	633	556	375	481	638	532	635	592	456	645
443	411	552	452	442	607	496	630	441	541	547	574	498	411	624	403	474	662	475	479	457	620	455	647	602	526	388	509	383	542	419	581	595	512	574	521	418	460	391	591	427	381	591	568	519	503	363	441	385	395	548	637	559	655	510	407	402	481	502	588	452	600	596	532	574	533	428	593	453	402	633	554	398	527	588	566	658	503	535	410
443	411	552	536	366	607	600	630	499	541	393	377	372	551	652	557	377	662	392	649	457	577	474	647	480	526	414	662	416	528	568	581	571	420	511	521	418	460	606	627	573	414	494	627	519	503	557	441	385	607	548	637	559	494	540	496	438	481	502	588	452	600	596	529	574	533	428	453	453	402	633	554	563	527	588	566	658	371	456	410
552	523	552	653	366	607	496	630	535	463	550	561	547	473	624	595	463	595	583	580	566	483	587	559	470	582	519	570	416	528	393	581	509	420	511	521	566	506	391	420	573	414	650	627	519	503	641	408	385	399	548	618	625	459	540	386	402	481	612	400	452	639	596	532	617	597	640	647	539	497	633	556	375	612	588	532	635	577	456	604
461	367	373	536	379	513	496	593	442	463	550	373	547	437	624	401	535	640	369	382	574	614	527	551	520	505	428	481	383	542	393	596	595	512	574	521	418	460	391	420	427	464	632	383	543	493	615	489	497	388	481	484	433	574	510	438	546	481	603	622	563	507	561	522	525	416	576	622	586	480	633	609	375	527	555	532	635	577	489	414
443	411	552	536	623	607	496	630	613	395	542	377	372	551	624	557	377	662	392	649	457	620	587	379	661	405	428	570	383	547	460	534	486	420	444	521	418	623	614	420	610	638	494	372	468	373	641	408	385	521	475	573	559	574	510	591	434	481	618	622	535	507	561	522	507	416	576	618	597	497	523	615	375	402	436	566	426	654	456	484
443	411	552	536	366	607	496	630	620	541	619	377	372	551	445	403	474	662	540	536	457	620	455	395	499	526	497	543	549	427	625	633	609	512	373	521	418	615	574	420	367	638	470	372	484	373	527	547	385	534	548	637	608	369	510	565	402	577	502	588	555	505	541	532	500	397	477	545	453	497	401	636	375	527	478	566	635	654	456	588
513	411	465	536	555	513	496	630	613	541	547	598	556	643	624	450	391	640	585	411	539	496	587	637	520	526	591	570	416	528	624	581	508	512	574	521	418	460	391	433	427	388	632	383	543	518	615	489	385	388	588	431	559	459	540	386	402	481	502	588	452	600	538	367	601	652	465	506	385	414	419	477	375	531	588	532	635	472	456	496
542	612	465	536	379	513	425	593	442	463	550	373	547	437	519	450	611	640	497	411	524	461	455	609	439	526	474	452	491	615	649	423	526	420	543	454	600	606	557	420	628	381	591	372	596	518	534	441	385	541	548	491	424	459	510	401	402	481	502	369	588	618	522	602	452	564	428	471	642	497	633	609	375	527	588	532	635	577	632	414
554	411	434	536	379	513	528	593	532	502	395	561	547	625	624	450	535	640	369	382	469	647	393	551	520	526	415	591	425	542	396	581	565	420	511	465	471	492	391	420	597	414	662	562	519	439	363	656	385	615	523	487	562	459	540	653	615	481	452	551	546	547	561	619	552	577	428	528	488	497	648	636	391	521	588	566	635	419	456	410
554	549	503	536	379	513	496	419	654	437	547	377	544	561	624	557	474	455	392	649	457	620	455	659	602	638	388	662	383	542	396	581	595	512	444	521	418	460	391	420	573	414	494	372	543	518	534	386	385	503	379	637	651	459	581	386	512	481	661	535	609	507	424	532	500	554	428	647	453	380	633	477	406	527	588	566	591	599	456	543