443	411	552	536	366	607	496	630	620	541	547	377	372	551	624	403	474	662	392	580	457	620	455	647	602	526	388	662	383	542	396	581	595	512	574	521	418	412	391	420	367	638	592	372	484	373	363	441	385	607	548	637	559	459	510	407	402	481	473	588	546	401	561	532	500	397	428	647	453	497	633	556	375	527	588	532	635	592	524	645
443	411	552	536	366	607	496	630	620	541	547	377	372	551	573	403	474	662	392	649	457	620	455	647	602	526	388	662	383	542	396	581	435	444	511	388	588	460	391	592	427	402	494	627	377	518	641	408	385	635	548	618	559	494	540	496	438	481	502	588	452	600	596	532	574	533	428	453	453	402	633	554	398	527	588	566	658	371	456	410
443	411	552	536	366	607	496	630	620	541	547	377	372	551	624	403	474	662	480	580	457	620	455	647	602	526	511	662	383	542	396	581	595	512	574	523	418	412	391	420	367	638	592	372	484	373	363	441	590	607	548	637	559	494	540	496	438	481	502	588	452	600	596	532	574	533	428	453	453	402	633	554	398	527	588	566	658	371	456	410
443	487	552	536	366	607	496	630	620	541	547	377	372	551	573	403	474	662	392	499	457	620	467	647	602	526	388	662	383	542	396	581	435	444	511	388	588	460	391	592	427	402	504	627	377	518	641	408	385	635	548	618	559	459	510	407	402	576	473	588	546	401	561	532	500	397	428	647	453	497	633	556	375	527	588	532	635	592	524	645
443	411	552	536	366	607	496	630	620	541	547	377	372	551	624	633	474	662	392	649	457	620	455	613	602	526	388	662	383	542	396	581	595	512	574	521	418	460	391	634	573	414	494	627	519	503	363	441	385	607	548	637	559	459	510	407	485	481	394	650	464	401	561	532	500	397	428	647	453	497	633	556	375	481	638	532	635	592	456	645
443	411	552	536	366	607	600	630	613	541	393	377	372	551	624	557	377	662	392	649	457	620	474	647	480	526	388	662	416	528	393	581	571	420	511	521	418	460	391	627	573	414	494	627	519	503	557	441	385	607	548	637	559	459	510	407	402	481	394	650	464	401	561	532	500	397	428	647	453	497	633	556	375	527	588	532	635	592	456	645
513	389	552	536	489	513	470	604	613	413	514	418	655	551	549	426	601	516	535	411	574	620	652	647	602	611	580	406	646	542	452	572	595	382	574	521	386	514	391	420	427	414	607	383	543	657	615	402	385	388	489	431	559	421	610	591	434	481	618	622	535	618	561	530	386	419	428	647	453	497	633	443	375	527	588	566	453	654	456	410
443	411	552	452	442	607	496	630	475	541	547	377	498	411	624	403	474	662	475	479	457	620	455	647	602	526	388	509	383	542	419	581	595	512	574	521	418	460	391	420	427	381	591	568	519	503	363	441	385	395	548	637	559	459	510	407	402	481	502	650	546	401	561	532	500	397	428	647	453	497	633	556	375	527	588	532	635	592	456	645
443	411	552	536	623	607	496	630	613	541	393	377	372	551	624	557	377	662	392	649	457	620	587	379	363	405	428	570	383	547	460	534	565	420	511	465	471	492	391	420	597	414	662	562	519	439	363	656	385	615	523	637	562	459	540	653	402	481	452	551	546	547	561	532	500	377	428	647	453	380	633	477	406	527	588	566	591	591	456	543
498	389	552	496	379	383	496	630	654	463	515	418	502	509	566	629	474	421	660	525	559	647	455	647	602	526	388	662	416	528	393	581	571	420	511	521	636	412	391	420	367	638	592	372	484	373	363	441	385	607	548	637	559	459	510	407	402	481	502	588	546	401	561	532	500	397	428	647	453	497	418	556	375	527	588	532	635	592	456	645
513	411	465	536	379	513	496	513	613	481	395	561	547	662	624	450	506	640	373	411	574	620	455	609	602	526	428	450	450	528	452	581	604	659	511	611	418	460	391	420	427	414	494	372	543	518	534	441	385	615	379	637	651	459	581	386	457	481	661	535	609	507	424	619	552	577	428	647	488	497	648	636	391	521	588	566	635	419	456	410
513	411	465	536	379	530	450	630	391	633	515	412	383	551	624	557	517	403	392	525	457	620	455	647	602	635	519	481	371	542	441	581	595	558	456	521	418	460	391	514	658	414	494	515	484	535	398	441	607	381	636	630	559	629	548	438	402	481	502	588	367	605	424	513	552	470	428	647	453	446	648	636	560	521	599	615	635	365	371	410
554	549	503	536	379	513	496	419	654	437	547	377	544	551	624	557	474	455	392	649	457	620	455	659	602	638	388	662	383	542	396	581	595	512	574	521	418	460	391	420	573	414	494	627	502	518	363	467	509	607	548	637	559	459	510	407	402	481	502	588	546	401	486	532	601	397	428	587	453	497	640	477	375	527	438	566	614	481	456	501
443	411	552	536	366	607	496	630	620	541	619	377	372	551	445	403	474	662	392	536	457	620	455	489	499	526	497	543	549	427	625	633	609	512	574	521	418	615	574	420	573	414	650	627	519	503	641	408	385	399	548	618	559	459	540	386	402	481	612	400	452	639	596	532	617	597	640	647	467	497	633	556	375	612	588	532	635	577	456	604
461	367	373	536	379	513	496	593	442	463	550	373	547	437	624	401	535	640	369	382	574	614	527	551	520	505	428	570	416	528	393	581	509	420	511	521	418	595	391	420	610	638	494	372	468	373	641	408	385	521	548	573	559	574	510	591	434	481	618	622	535	507	561	522	507	416	576	618	597	497	523	615	375	402	588	566	635	654	456	484
552	411	552	536	366	607	496	630	535	463	550	561	547	473	624	450	463	595	583	580	566	483	587	559	470	582	519	481	383	542	393	596	595	512	574	521	418	460	391	420	427	464	632	383	543	518	615	489	385	388	481	431	559	459	540	386	402	481	502	588	452	600	538	367	601	652	428	647	385	414	419	477	375	391	588	532	635	472	456	410
532	495	552	536	555	513	496	630	613	541	547	598	556	437	624	450	391	640	585	411	539	593	587	647	598	526	474	452	491	453	536	423	526	420	543	454	600	606	391	420	427	381	591	372	602	518	534	441	385	615	548	491	424	459	510	401	402	481	502	369	588	618	561	602	386	564	428	647	642	497	633	609	375	527	588	532	635	577	632	414
513	476	465	536	379	513	496	593	442	463	550	373	547	437	624	450	611	640	497	411	524	485	455	609	520	526	591	570	416	528	377	581	508	512	574	521	418	460	391	420	427	388	632	383	543	518	615	489	385	388	481	484	433	574	510	591	546	481	603	622	563	507	561	522	525	416	576	622	586	480	633	609	375	527	588	532	635	577	489	414
381	411	623	549	604	394	486	630	613	463	550	377	544	551	624	557	648	455	392	449	457	620	504	617	602	582	388	481	383	542	452	581	636	512	596	560	418	460	535	420	427	551	494	471	404	380	631	441	465	518	548	377	658	546	523	365	561	554	516	555	500	507	561	522	626	416	576	647	597	497	523	615	375	527	588	563	635	577	456	410
554	411	434	536	379	513	528	593	532	502	395	561	547	625	624	450	535	640	369	382	469	647	450	551	520	526	415	591	425	542	396	581	595	420	444	521	418	607	614	420	367	638	592	372	484	373	527	547	385	534	548	637	559	369	510	565	402	577	502	588	546	535	541	532	500	397	424	437	453	497	401	636	375	527	478	566	635	654	456	410